t -0.077687 -0.407274 -0.001928 0.050476 -0.398729 0.029874 -0.122136 -0.327528 -0.039193
t 0.096045 -0.384489 -0.001928 0.215664 -0.381641 -0.001928 0.100317 -0.123891 -0.039718
t 0.096045 -0.384489 -0.001928 0.100317 -0.123891 -0.039718 -0.015029 0.133859 0.040366
t 0.215664 -0.381641 -0.001928 0.332435 -0.375945 -0.029017 0.464395 -0.15783 -0.049986
t -0.015029 0.133859 0.040366 0.100317 -0.123891 -0.039718 0.215664 -0.381641 -0.001928
t -0.015029 0.133859 0.040366 0.215664 -0.381641 -0.001928 0.464395 -0.15783 -0.049986
t 0.464395 -0.15783 -0.049986 0.554584 0.139555 -0.046969 0.033388 0.179428 0.029455
t -0.015029 0.133859 0.040366 0.464395 -0.15783 -0.049986 0.033388 0.179428 0.029455
t 0.554584 0.139555 -0.046969 0.551736 0.207909 -0.071152 0.153007 0.327528 -0.001928
t 0.551736 0.207909 -0.071152 0.540344 0.253478 -0.055199 0.266929 0.395881 -0.001928
t 0.153007 0.327528 -0.001928 0.551736 0.207909 -0.071152 0.266929 0.395881 -0.001928
t 0.540344 0.253478 -0.055199 0.477686 0.381641 -0.001928 0.266929 0.395881 -0.001928
t 0.477686 0.381641 -0.001928 0.429269 0.415818 0.008601 0.343827 0.424362 0.021496
t 0.266929 0.395881 -0.001928 0.477686 0.381641 -0.001928 0.343827 0.424362 0.021496
t 0.153007 0.327528 -0.001928 0.093197 0.287655 -0.001928 0.061868 0.23639 0.040366
t 0.554584 0.139555 -0.046969 0.061868 0.23639 0.040366 0.033388 0.179428 0.029455
t 0.153007 0.327528 -0.001928 0.061868 0.23639 0.040366 0.554584 0.139555 -0.046969
t -0.015029 0.133859 0.040366 -0.185913 0.025633 -0.04502 -0.194458 -0.170884 -0.001928
t -0.185913 0.025633 -0.04502 -0.22009 -0.019936 -0.04502 -0.194458 -0.170884 -0.001928
t -0.22009 -0.019936 -0.04502 -0.231483 -0.096834 -0.04502 -0.194458 -0.170884 -0.001928
t -0.015029 0.133859 0.040366 -0.194458 -0.170884 -0.001928 -0.147769 -0.270566 -0.039193
t -0.077687 -0.407274 -0.001928 -0.006485 -0.44145 0.029874 0.050476 -0.398729 0.029874
t 0.050476 -0.398729 0.029874 0.096045 -0.384489 -0.001928 -0.147769 -0.270566 -0.039193
t 0.096045 -0.384489 -0.001928 -0.015029 0.133859 0.040366 -0.147769 -0.270566 -0.039193
t -0.147769 -0.270566 -0.039193 -0.122136 -0.327528 -0.039193 0.050476 -0.398729 0.029874
t -0.122136 -0.327528 -0.039193 -0.106168 -0.378793 -0.001928 -0.077687 -0.407274 -0.001928